  0	  20201
  1	  20202
  2	  20203
  3	  20204
  4	  20205
  5	  20206
  6	  20207
  7	  20208
  8	  20209
  9	  20210
 10	  20211
 11	  20212
 12	  20213
 13	  20214
 14	  20215
 15	  20216
 16	  20217
 17	  20218
 18	  20219
 19	  20220
 20	  20221
 21	  20222
 22	  20223
 23	  20224
 24	  20225
 25	  20226
 26	  20227
 27	  20228
 28	  20229
 29	  20230
 30	  20231
 31	  20232
 32	  20233
 33	  20234
 34	  20235
 35	  20236
 36	  20237
 37	  20238
 38	  20239
 39	  20240
 40	  20241
 41	  20242
 42	  20243
 43	  20244
 44	  20245
 45	  20246
 46	  20247
 47	  20248
 48	  20249
 49	  20250
 50	  20251
 51	  20252
 52	  20253
 53	  20254
 54	  20255
 55	  20256
 56	  20257
 57	  20258
 58	  20259
 59	  20260
 60	  20261
 61	  20262
 62	  20263
 63	  20264
 64	  21201
 65	  21202
 66	  21203
 67	  21204
 68	  21205
 69	  21206
 70	  21207
 71	  21208
 72	  21209
 73	  21210
 74	  21211
 75	  21212
 76	  21213
 77	  21214
 78	  21215
 79	  21216
 80	  21217
 81	  21218
 82	  21219
 83	  21220
 84	  21221
 85	  21222
 86	  21223
 87	  21224
 88	  21225
 89	  21226
 90	  21227
 91	  21228
 92	  21229
 93	  21230
 94	  21231
 95	  21232
 96	  21233
 97	  21234
 98	  21235
 99	  21236
100	  21237
101	  21238
102	  21239
103	  21240
104	  21241
105	  21242
106	  21243
107	  21244
108	  21245
109	  21246
110	  21247
111	  21248
112	  21249
113	  21250
114	  21251
115	  21252
116	  21253
117	  21254
118	  21255
119	  21256
120	  21257
121	  21258
122	  21259
123	  21260
124	  21261
125	  21262
126	  21263
127	  21264
128	  22201
129	  22202
130	  22203
131	  22204
132	  22205
133	  22206
134	  22207
135	  22208
136	  22209
137	  22210
138	  22211
139	  22212
140	  22213
141	  22214
142	  22215
143	  22216
144	  22217
145	  22218
146	  22219
147	  22220
148	  22221
149	  22222
150	  22223
151	  22224
152	  22225
153	  22226
154	  22227
155	  22228
156	  22229
157	  22230
158	  22231
159	  22232
160	  22233
161	  22234
162	  22235
163	  22236
164	  22237
165	  22238
166	  22239
167	  22240
168	  22241
169	  22242
170	  22243
171	  22244
172	  22245
173	  22246
174	  22247
175	  22248
176	  22249
177	  22250
178	  22251
179	  22252
180	  22253
181	  22254
182	  22255
183	  22256
184	  22257
185	  22258
186	  22259
187	  22260
188	  22261
189	  22262
190	  22263
191	  22264
192	  23201
193	  23202
194	  23203
195	  23204
196	  23205
197	  23206
198	  23207
199	  23208
200	  23209
201	  23210
202	  23211
203	  23212
204	  23213
205	  23214
206	  23215
207	  23216
208	  23217
209	  23218
210	  23219
211	  23220
212	  23221
213	  23222
214	  23223
215	  23224
216	  23225
217	  23226
218	  23227
219	  23228
220	  23229
221	  23230
222	  23231
223	  23232
224	  23233
225	  23234
226	  23235
227	  23236
228	  23237
229	  23238
230	  23239
231	  23240
232	  23241
233	  23242
234	  23243
235	  23244
236	  23245
237	  23246
238	  23247
239	  23248
240	  23249
241	  23250
242	  23251
243	  23252
244	  23253
245	  23254
246	  23255
247	  23256
248	  23257
249	  23258
250	  23259
251	  23260
252	  23261
253	  23262
254	  23263
255	  23264
256	  24201
257	  24202
258	  24203
259	  24204
260	  24205
261	  24206
262	  24207
263	  24208
264	  24209
265	  24210
266	  24211
267	  24212
268	  24213
269	  24214
270	  24215
271	  24216
272	  24217
273	  24218
274	  24219
275	  24220
276	  24221
277	  24222
278	  24223
279	  24224
280	  24225
281	  24226
282	  24227
283	  24228
284	  24229
285	  24230
286	  24231
287	  24232
288	  24233
289	  24234
290	  24235
291	  24236
292	  24237
293	  24238
294	  24239
295	  24240
296	  24241
297	  24242
298	  24243
299	  24244
300	  24245
301	  24246
302	  24247
303	  24248
304	  24249
305	  24250
306	  24251
307	  24252
308	  24253
309	  24254
310	  24255
311	  24256
312	  24257
313	  24258
314	  24259
315	  24260
316	  24261
317	  24262
318	  24263
319	  24264
320	  25201
321	  25202
322	  25203
323	  25204
324	  25205
325	  25206
326	  25207
327	  25208
328	  25209
329	  25210
330	  25211
331	  25212
332	  25213
333	  25214
334	  25215
335	  25216
336	  25217
337	  25218
338	  25219
339	  25220
340	  25221
341	  25222
342	  25223
343	  25224
344	  25225
345	  25226
346	  25227
347	  25228
348	  25229
349	  25230
350	  25231
351	  25232
352	  25233
353	  25234
354	  25235
355	  25236
356	  25237
357	  25238
358	  25239
359	  25240
360	  25241
361	  25242
362	  25243
363	  25244
364	  25245
365	  25246
366	  25247
367	  25248
368	  25249
369	  25250
370	  25251
371	  25252
372	  25253
373	  25254
374	  25255
375	  25256
376	  25257
377	  25258
378	  25259
379	  25260
380	  25261
381	  25262
382	  25263
383	  25264
