  0	26001
  1	26002
  2	26003
  3	26004
  4	26005
  5	26006
  6	26007
  7	26008
  8	26009
  9	26010
 10	26011
 11	26012
 12	26013
 13	26014
 14	26015
 15	26016
 16	26017
 17	26018
 18	26019
 19	26020
 20	26021
 21	26022
 22	26023
 23	26024
 24	26025
 25	26026
 26	26027
 27	26028
 28	26029
 29	26030
 30	26031
 31	26037
 32	26033
 33	26034
 34	26035
 35	26036
 36	26032
 37	26038
 38	26039
 39	26040
 40	26041
 41	27127
 42	26043
 43	26044
 44	26045
 45	26046
 46	26047
 47	26048
 48	26049
 49	26050
 50	26051
 51	26052
 52	26053
 53	26054
 54	26055
 55	26056
 56	26057
 57	26058
 58	26059
 59	26060
 60	26061
 61	26062
 62	26063
 63	26064
 64	26065
 65	26066
 66	26067
 67	26068
 68	26069
 69	26070
 70	26071
 71	26072
 72	26073
 73	26074
 74	26075
 75	28094
 76	26077
 77	26078
 78	26079
 79	26080
 80	26081
 81	26082
 82	26083
 83	26084
 84	26085
 85	26086
 86	26087
 87	26088
 88	26089
 89	26090
 90	26091
 91	26092
 92	26093
 93	26094
 94	26095
 95	26096
 96	26097
 97	26098
 98	26099
 99	26100
100	26101
101	26102
102	26103
103	26104
104	26105
105	26106
106	26107
107	26108
108	26109
109	26110
110	26111
111	26112
112	26113
113	26114
114	26115
115	26116
116	26117
117	26118
118	26119
119	26120
120	26121
121	26122
122	26123
123	26124
124	26125
125	26126
126	26127
127	26128
128	27001
129	27002
130	27003
131	27004
132	27005
133	27006
134	27007
135	27008
136	27009
137	27010
138	27011
139	27012
140	27013
141	27014
142	27015
143	27016
144	27017
145	27018
146	27019
147	27020
148	27021
149	27022
150	27023
151	27024
152	27025
153	27026
154	27027
155	27028
156	27029
157	27030
158	27031
159	27032
160	27033
161	27034
162	27035
163	27036
164	27037
165	27038
166	27039
167	27040
168	27041
169	27042
170	27043
171	27044
172	27045
173	27046
174	27047
175	27048
176	27049
177	27050
178	27051
179	27052
180	27053
181	27054
182	27055
183	27056
184	27057
185	27058
186	27059
187	27060
188	27065
189	27062
190	27063
191	27064
192	27061
193	27066
194	27067
195	28099
196	27069
197	27070
198	27071
199	27072
200	27073
201	27074
202	27075
203	28037
204	27077
205	27078
206	27079
207	27080
208	27081
209	27082
210	27083
211	27084
212	27085
213	27086
214	27087
215	27088
216	27089
217	27090
218	27091
219	27092
220	27093
221	27094
222	27095
223	27096
224	27097
225	27098
226	27099
227	27100
228	27101
229	27102
230	27103
231	27104
232	27105
233	27106
234	27107
235	27108
236	27109
237	27110
238	27111
239	27112
240	27113
241	27114
242	28052
243	28033
244	27117
245	27118
246	27119
247	27120
248	27121
249	27122
250	27123
251	27124
252	27125
253	27126
254	26042
255	27128
256	28001
257	28002
258	28003
259	28004
260	28005
261	28006
262	28007
263	28008
264	28009
265	28010
266	28011
267	28012
268	28013
269	28014
270	28015
271	28016
272	28017
273	28018
274	28019
275	28020
276	28021
277	28022
278	28023
279	28024
280	28025
281	28026
282	28027
283	28028
284	28029
285	28030
286	28031
287	28032
288	27116
289	28034
290	28035
291	28036
292	27076
293	28038
294	28039
295	28040
296	28041
297	28042
298	28043
299	28044
300	28045
301	28046
302	28047
303	28048
304	28049
305	28050
306	28051
307	27115
308	28053
309	28054
310	28055
311	28056
312	28057
313	28058
314	28059
315	28060
316	28061
317	28062
318	28063
319	28064
320	28065
321	28066
322	28067
323	28068
324	28069
325	28070
326	28071
327	28072
328	28073
329	28074
330	28075
331	28076
332	28077
333	28078
334	28079
335	28080
336	28081
337	28082
338	28083
339	28084
340	28085
341	28086
342	28087
343	28088
344	28089
345	28090
346	28091
347	28092
348	28093
349	26076
350	28095
351	28096
352	28097
353	28098
354	27068
355	28100
356	28101
357	28102
358	28103
359	28104
360	28105
361	28106
362	28107
363	28108
364	28109
365	28110
366	28111
367	28112
368	28113
369	28114
370	28115
371	28116
372	28117
373	28118
374	28119
375	28120
376	28121
377	28122
378	28123
379	28124
380	28125
381	28126
382	28127
383	28128
